111111111110000000000000
111111111111000000000000
111111111000000000000000
111111000000000000000000
111110000000000000000000
000111111100000000000000
011111100011111111111100
011100111100111111111100
000011110001111111111100
000011100111111111111110
000011000111111111111110
000011000000011011111110
000000000000000001111110
000001110001111111111110
110001111111111111111111
111001111111111111111111
111000111111111111111111
011100111111111111111111
011110011111111111111111
011111011111111111111110
001111101111111111111111
000111111001111111111111
001111111111111111111111
001111111111111111111111
