000000000000000000111111
000000000000000000011111
000000000000000000000111
000000000000000000000011
000000000000000000000001
000011100000000000000000
000111111111111000000001
000111111111111110000011
001111111111111111000111
001111111111111111000111
001111111111111100000111
001111111000000000001111
111111110000000000001111
111111110000000000001111
111111111000000000011111
111111111111000000111111
111111111111111111111111
111111111111111111111111
111111111111111111111111
111111111111111111111111
111111111111111111111111
111111111111111111111111
111111111111111111111111
111111111111111111111111
