111111100000000000000000
111111100000000000000000
111111100000000000000000
111111100000000000000000
111111100000000000000000
111111111000111100000000
111111111111111111100100
111111111111111111111110
111111111111111111111111
111111110011111111111111
111111100000011111111111
111111100000011001111111
111111110000011001111111
111111110000011101111111
111111111000111111111111
111111111111111111111111
111111111111111111111111
111111111111111111111111
111111111111111111111111
111111111111111111111111
111111111111111111111111
111111111111111111111111
111111111111111111111111
111111111111111111111111
